Ct_1S0np: -0.15263259
Ct_1S0nn: -0.15231072
Ct_1S0pp: -0.1519951
Ct_3S1: -0.17844706
C_1S0: 2.39169697
C_3P0: 0.99935281
C_1P1: 0.22117731
C_3P1: -0.97352638
C_3S1: 0.55144146
C_3S1-3D1: 0.43702288
C_3P2: -0.69226719